Машина Б-21 :

ПрК00002526   35

236   30

238   55

233   35

ПрК00000093   5

ПрК00000016   18

ПрК00000031   11

ПрК00000025   10

235   45

313   40

ПрК00002526   20

ПрК00002526   25

ПрК00000079   9

223   9

214   5

208   10

215   10

ПрК00000031   10

ПрК00000029   11

211   11

ПрК00000079   7

220   4

226   11

220   11

ПрК00000029   10

ПрК00000031   10

ПрК00000032   17

ПрК00000031   17

ПрК00000031   5

ПрК00000027   12

ПрК00000093   12

ПрК00000031   10

ПрК00000031   17

ПрК00000157   17

ПрК00000023   22

ПрК00000467   90

224   10

228   10

ПрК00000093   2

203   2

ПрК00000093   10

ПрК00000093   38

202   10

207   16

234   25

231   20

218   8

ПрК00000029   8

205   5

ПрК00000093   18

ПрК00000029   7

ПрК00000465   10

==============================
Машина КП-06 :

307   9

302   9

393   8

239   8

320   13

315   13

323   20

317   6

244   29

240   29

314   22

317   22

ПрК00000435   34

239   35

ПрК00000436   8

310   10

ПрК00000436   42

304   10

==============================
Машина Б-2300 :

394   16

244   25

247   20

244   20

246   20

353   15

ПрК00000084   20

358   6

2322   10

2318   27

244   8

390   16

ПрК00000424   20

320   13

316   17

2284   7

302   1

312   11

361   6

241   35

242   12

371   6

376   10

ПрК00001506   19

363   4

370   6

385   38

384   80

388   86

386   52

2324   17

2319   18

2321   20

2326   34

2323   11

749   10

741   15

744   20

301   8

304   7

743   10

746   20

==============================
