=========Machines=========
Id,Name,StripWidth,MaxMonthOutput
0,Б-21,4200,7400
1,КП-06,4200,5120
2,Б-2300,2300,5500
=========ProductTypes=========
Id,Name
0,Бумага (любая)
1,Картон макулатурный
2,Картон облицовочный
3,Картон влагопрочный
=========Products=========
Id,ProductTypeId,Name
0,0,Бумага целлюлозная клеёная
1,0,Бумага целлюлозная неклеёная
2,1,Картон макулатурный
3,0,Бумага макулатурная неклеёная
4,0,Бумага макулатурная клеёная
5,2,Картон облицовочный
6,3,Картон влагопрочный
=========MachineConstraints=========
MachineId,ProductId,Density
0,0,112
0,0,125
0,0,140
0,0,160
0,0,170
0,1,112
0,1,125
0,1,140
0,1,160
0,1,170
1,2,150
1,2,175
1,2,200
2,2,120
2,2,135
2,2,150
2,2,175
2,2,200
2,3,112
2,4,120
2,5,155
2,5,170
2,6,120
2,6,135
=========ProductFormats=========
ProductTypeId,Width
0,1050
0,1200
0,1250
0,1260
0,1400
0,1500
0,1575
0,1600
0,1700
0,1760
0,1800
0,1900
0,1950
0,2000
0,2100
0,2200
0,2250
0,2300
0,2400
1,980
1,1050
1,1280
1,1400
1,1500
1,1900
1,2100
1,2200
2,1180
2,1250
3,1050
3,2100